300007
300011
300012
300014
300015
300016
300017
002001
002003
002004
002007
002008
002010
002022
002028
002030
002031
002036
002041
002045
002046
002048
002056
002063
002071
002073
002080
002090
002091
002094
002098
002101
002103
002104
002105
002106
002111
002117
002119
002120
002121
002123
002125
002126
002130
002131
002138
002139
002140
002141
002144
002149
002150
002151
002158
002160
002161
002164
002171
002175
002176
002179
002182
002183
002188
002190
002196
002197
002201
002202
002206
002209
002211
002213
002218
002222
002224
002225
002232
002242
002243
002246
002254
002258
002265
002270
002273
002282
002283
002284
002309
002314
002335
002337
002341
002343
002346
002347
002348
002352
002373
002389
002402
002403
002405
002406
002407
002408
002409
002410
002411
002413
002415
002420
002423
002428
002430
002436
002438
002443
002445
002446
002448
002449
300074
300075
300076
300077
300078
300080
300082
300084
300085
300091
300093
300095
300097
300137
300019
300022
300024
300026
300027
300030
300031
300032
300037
300041
300043
300045
300046
300049
300053
300054
300062
300063
300065
300066
300070
300072
300073
002450
002453
002454
300058
300059
002455
002456
002458
002459
300001
300004
