000632	三木集团	-1.73	4.55	-0.08	4.53	4.55	15878	30	          0.22	          0.34	4.62	4.62	4.52	4.63	   296.60	7248266	  0.57	
000627	天茂集团	-1.89	2.60	-0.05	2.60	2.61	53738	44	         -0.38	          0.40	2.64	2.64	2.59	2.65	--  	14035326	  0.98	
600406	国电南瑞	-3.43	14.34	-0.51	14.34	14.35	139927	6	         -0.13	          0.63	14.70	14.80	14.24	14.85	    38.08	202321488	  1.28	
600410	华胜天成	-2.80	6.59	-0.19	6.59	6.61	37564	254	         -0.45	          0.59	6.79	6.80	6.55	6.78	    53.52	24952418	  1.03	
000931	中 关 村	-2.56	5.70	-0.15	5.69	5.70	57802	2	         -0.17	          1.14	5.80	5.85	5.63	5.85	--  	32956240	  1.28	
000928	中钢吉炭	1.70	8.36	0.14	8.34	8.35	27996	1	          0.00	          0.99	8.20	8.42	8.14	8.22	--  	23252146	  0.85	
002083	孚日股份	2.63	4.29	0.11	4.28	4.29	219162	60	          0.00	          2.67	4.16	4.35	4.16	4.18	    22.26	93715480	  1.75	
300052	中青宝	-1.62	25.49	-0.42	25.49	25.50	67037	25	          0.35	          3.79	26.08	26.08	25.21	25.91	   182.21	171988416	  0.76	
000582	北 海 港	-3.68	11.24	-0.43	11.23	11.24	19202	5	          0.08	          1.36	11.50	11.65	11.18	11.67	   219.70	21733504	  0.72	
002161	远 望 谷	0.50	8.05	0.04	8.02	8.05	93919	701	          0.62	          1.63	8.03	8.12	7.96	8.01	    66.44	75427144	  1.32	
002178	延华智能	-1.12	14.13	-0.16	14.13	14.14	34835	20	         -0.14	          3.15	14.41	14.47	13.94	14.29	    65.05	49475960	  1.55	
000998	隆平高科	-1.07	26.71	-0.29	26.70	26.71	65946	20	         -0.37	          1.59	27.68	27.75	26.46	27.00	   144.27	178807600	  1.25	
600111	包钢稀土	-2.85	21.50	-0.63	21.48	21.49	174299	32	          0.00	          1.18	22.16	22.16	21.33	22.13	    29.50	377429280	  0.80	
600545	新疆城建	-2.48	6.28	-0.16	6.27	6.28	53589	6	         -0.31	          0.79	6.39	6.41	6.23	6.44	    26.91	33781516	  0.94	
000926	福星股份	-1.69	7.00	-0.12	6.99	7.00	49935	19	         -0.28	          0.94	7.11	7.14	6.96	7.12	     7.60	35091384	  1.65	
600259	广晟有色	-4.44	38.09	-1.77	38.09	38.10	43232	10	         -0.05	          1.73	39.86	39.96	37.66	39.86	--  	165769712	  1.75	
000868	安凯客车	-2.20	4.00	-0.09	3.99	4.00	71885	3	          0.25	          1.17	4.07	4.08	3.98	4.09	--  	28824846	  1.74	
601989	中国重工	-1.26	5.47	-0.07	5.47	5.48	380331	14	         -0.36	          0.32	5.54	5.56	5.43	5.54	    23.69	208590496	  0.65	
000753	漳州发展	-1.73	3.97	-0.07	3.97	3.98	13652	92	          0.00	          0.33	4.04	4.04	3.96	4.04	    39.25	5439309	  0.91	
600200	江苏吴中	-1.03	11.55	-0.12	11.55	11.56	77362	42	         -0.08	          1.48	11.68	11.88	11.48	11.67	   189.56	90268976	  0.61	
002227	奥 特 迅	2.95	29.69	0.85	29.68	29.69	12008	1	         -0.03	          1.11	28.91	29.80	28.61	28.84	   178.37	35197104	  2.69	
002208	合肥城建	-1.69	6.38	-0.11	6.38	6.39	21640	50	         -0.15	          0.68	6.49	6.52	6.30	6.49	    33.55	13916341	  1.03	
000777	中核科技	-2.03	16.90	-0.35	16.90	16.91	12339	6	          0.05	          0.58	17.23	17.25	16.83	17.25	    58.96	20939906	  1.00	
002401	中海科技	-0.88	12.32	-0.11	12.30	12.32	10548	5	          0.00	          0.53	12.42	12.49	12.20	12.43	    48.05	13014283	  1.08	
002292	奥飞动漫	2.45	33.92	0.81	33.91	33.92	175741	3	         -0.23	          5.50	33.13	35.14	32.70	33.11	   107.16	597273280	  2.03	
600072	中船股份	-0.51	11.67	-0.06	11.65	11.67	31414	1	         -0.17	          0.66	11.79	11.89	11.57	11.73	--  	36889720	  0.91	
000049	德赛电池	-1.32	66.61	-0.89	66.63	66.78	4101	5	          0.07	          0.30	67.18	67.80	66.10	67.50	    59.56	27358920	  0.59	
600718	东软集团	-2.11	12.51	-0.27	12.51	12.53	59550	21	         -0.15	          0.49	12.76	12.83	12.38	12.78	    40.80	74855984	  0.76	
600986	科达股份	-0.88	4.53	-0.04	4.52	4.54	10874	30	          0.00	          0.32	4.55	4.58	4.51	4.57	    33.22	4927419	  0.60	
600703	三安光电	-0.60	24.75	-0.15	24.74	24.75	128794	24	          0.12	          0.95	24.95	25.26	24.18	24.90	    35.24	318975008	  1.85	
600496	精工钢构	-2.07	7.08	-0.15	7.06	7.08	25153	15	          0.42	          0.43	7.20	7.28	6.98	7.23	    19.21	17900272	  1.13	
600478	科力远	0.31	25.68	0.08	25.60	25.68	19268	69	          0.31	          0.61	25.50	26.12	25.31	25.60	   739.48	49676936	  0.52	
002090	金智科技	-1.51	9.79	-0.15	9.79	9.80	19897	1	          0.10	          1.07	9.88	9.88	9.65	9.94	    42.24	19362642	  0.53	
600498	烽火通信	-2.80	14.92	-0.43	14.92	14.93	91788	5	         -0.20	          0.95	15.36	15.36	14.85	15.35	    27.66	137761936	  1.36	
002421	达实智能	0.67	17.92	0.12	17.90	17.92	22160	5	          0.11	          1.10	17.77	18.05	17.57	17.80	    52.66	39628624	  2.18	
600475	华光股份	-3.09	12.23	-0.39	12.23	12.25	24464	2	         -0.16	          0.96	12.55	12.58	12.11	12.62	    36.14	30068694	  2.04	
600360	华微电子	-2.01	3.91	-0.08	3.91	3.92	32598	109	          0.00	          0.48	3.97	3.99	3.86	3.99	    51.08	12768804	  0.72	
000897	津滨发展	-1.75	5.06	-0.09	5.06	5.07	392104	111	          0.00	          2.42	5.10	5.13	4.96	5.15	--  	197233024	  0.78	
600831	广电网络	-2.00	7.34	-0.15	7.34	7.35	32617	2	         -0.27	          0.58	7.50	7.51	7.30	7.49	    24.72	24111780	  0.99	
002310	东方园林	3.04	32.87	0.97	32.87	32.88	67300	1	         -0.24	          2.24	33.23	33.80	32.50	31.90	    32.75	222422144	  1.81	
600118	中国卫星	-1.20	18.16	-0.22	18.16	18.17	114378	4	         -0.21	          0.97	18.51	18.56	17.90	18.38	    73.78	207794976	  0.81	
002233	塔牌集团	-1.69	6.39	-0.11	6.39	6.40	20479	4	         -0.15	          0.58	6.50	6.50	6.35	6.50	    23.32	13127815	  0.72	
002106	莱宝高科	-1.98	11.36	-0.23	11.36	11.38	39458	2	         -0.08	          0.68	11.59	11.59	11.34	11.59	   132.86	45041272	  0.94	
300088	长信科技	-0.69	14.37	-0.10	14.37	14.39	62151	2	         -0.13	          1.63	14.49	14.66	14.21	14.47	    24.37	90003400	  1.25	
000997	新 大 陆	5.52	17.20	0.90	17.20	17.22	276653	93	         -0.40	          5.45	16.60	17.50	16.48	16.30	    58.45	472452000	  1.81	
002320	海峡股份	-1.42	9.05	-0.13	9.04	9.05	15635	4	         -0.33	          0.37	9.20	9.23	9.01	9.18	    33.00	14237579	  0.91	
600980	*ST北磁	-0.53	11.36	-0.06	11.35	11.36	5690	13	          0.00	          0.44	11.37	11.53	11.34	11.42	    66.54	6501274	  1.22	
600100	同方股份	-2.22	9.67	-0.22	9.66	9.67	240863	110	         -0.20	          1.21	9.89	9.93	9.60	9.89	    16.45	234735104	  0.93	
300077	国民技术	4.58	27.20	1.19	27.19	27.20	133317	584	          0.22	          5.34	26.09	27.76	25.71	26.01	   537.36	360719104	  1.24	
600502	安徽水利	0.00	8.90	0.00	8.89	8.90	118470	12	          0.11	          2.36	8.99	9.07	8.78	8.90	    19.48	105768488	  0.91	
000930	中粮生化	0.00	4.07	0.00	4.07	4.08	38879	14	          0.24	          0.40	4.08	4.10	4.04	4.07	    49.92	15823256	  0.86	
002023	海特高新	-1.10	16.13	-0.18	16.13	16.14	14990	12	          0.31	          0.52	16.29	16.37	16.04	16.31	    52.24	24232844	  0.52	
002268	卫 士 通	3.62	29.16	1.02	29.15	29.17	77926	2	         -0.47	          4.73	28.20	29.30	27.91	28.14	   702.67	224362256	  3.17	
600528	中铁二局	-1.76	5.03	-0.09	5.02	5.03	38892	5	          0.00	          0.27	5.10	5.12	4.99	5.12	    21.22	19587120	  1.38	
000099	中信海直	-2.58	8.32	-0.22	8.31	8.32	97016	110	         -0.12	          1.72	8.53	8.55	8.24	8.54	    25.93	81132984	  0.73	
600590	泰豪科技	-1.22	6.47	-0.08	6.46	6.47	21992	5	         -0.15	          0.44	6.56	6.60	6.41	6.55	    80.95	14293086	  0.81	
600846	同济科技	-1.57	5.63	-0.09	5.62	5.63	47158	12	         -0.17	          0.75	5.72	5.72	5.57	5.72	    37.27	26492312	  1.42	
002151	北斗星通	-0.54	35.25	-0.19	35.23	35.24	25779	12	         -0.16	          2.47	35.50	35.66	34.85	35.44	   253.51	90670896	  1.43	
002307	北新路桥	0.55	5.46	0.03	5.46	5.47	26306	20	          0.00	          0.61	5.50	5.60	5.43	5.43	    48.73	14487868	  2.06	
000695	滨海能源	-2.05	7.17	-0.15	7.17	7.18	10654	46	         -0.13	          0.48	7.33	7.35	7.11	7.32	--  	7688446	  0.62	
002041	登海种业	-0.90	34.25	-0.31	34.26	34.30	38217	1	          0.02	          1.16	35.07	35.46	34.18	34.56	    66.98	133585680	  1.27	
000541	佛山照明	0.45	6.73	0.03	6.72	6.73	218500	10	         -0.44	          3.54	6.70	6.83	6.61	6.70	    20.49	147001664	  2.20	
000683	远兴能源	-3.69	3.91	-0.15	3.93	3.94	54389	700	         -0.76	          0.71	4.05	4.06	3.90	4.06	--  	21550676	  0.82	
002060	粤 水 电	-1.57	4.39	-0.07	4.39	4.40	42258	29	          0.00	          0.70	4.46	4.46	4.37	4.46	    42.42	18627656	  0.61	
000567	海德股份	-1.85	7.44	-0.14	7.44	7.49	3006	1	          0.00	          0.23	7.58	7.58	7.38	7.58	   452.36	2247033	  0.53	
600261	阳光照明	1.78	14.30	0.25	14.28	14.30	71876	7	          0.00	          1.11	14.00	14.56	13.41	14.05	    38.31	102060024	  1.16	
000510	金路集团	2.14	5.26	0.11	5.25	5.26	143914	4	          0.19	          2.36	5.30	5.48	5.20	5.15	--  	76771920	  2.17	
600012	皖通高速	-1.01	3.94	-0.04	3.94	3.95	16447	1	          0.00	          0.14	3.99	3.99	3.93	3.98	     7.58	6497553	  1.35	
000063	中兴通讯	-5.38	13.18	-0.75	13.16	13.18	516496	7	         -0.45	          1.84	13.90	13.91	13.00	13.93	    61.60	685655296	  2.60	
600536	中国软件	-2.46	36.88	-0.93	36.88	36.92	32836	3	          0.00	          1.45	37.17	37.56	36.36	37.81	  1204.70	121201984	  1.06	
600584	长电科技	-1.69	6.41	-0.11	6.40	6.42	51904	100	          0.00	          0.61	6.53	6.56	6.30	6.52	   387.59	33233448	  0.78	
002202	金风科技	-0.62	8.05	-0.05	8.05	8.07	84204	7	         -0.49	          0.40	8.06	8.16	7.95	8.10	    86.56	67632376	  0.72	
002438	江苏神通	-0.99	12.06	-0.12	12.01	12.05	7647	1	          0.50	          0.63	12.19	12.26	11.92	12.18	    40.23	9268807	  0.82	
600354	敦煌种业	-2.00	7.36	-0.15	7.36	7.37	209072	213	         -0.54	          4.79	7.54	7.64	7.28	7.51	--  	155923120	  0.71	
600499	科达机电	0.65	20.28	0.13	20.27	20.28	64162	12	         -0.04	          1.00	20.18	20.74	20.00	20.15	    34.73	130848520	  1.38	
000400	许继电气	-0.33	29.95	-0.10	29.95	29.99	14900	2	          0.16	          0.38	30.05	30.18	29.63	30.05	    38.55	44406520	  0.48	
002056	横店东磁	-1.18	15.10	-0.18	15.10	15.12	18157	5	          0.00	          0.44	15.35	15.35	14.96	15.28	    24.61	27507276	  0.81	
300035	中科电气	-3.18	11.28	-0.37	11.28	11.30	152853	110	         -0.08	         13.91	11.52	11.52	11.11	11.65	    22.43	172829568	  0.78	
600106	重庆路桥	-1.60	3.69	-0.06	3.69	3.71	45408	1343	         -0.53	          0.50	3.75	3.75	3.69	3.75	    15.09	16842920	  1.04	
002249	大洋电机	-0.91	10.88	-0.10	10.88	10.89	55302	60	         -0.45	          1.32	10.89	10.97	10.59	10.98	    39.03	59651396	  0.76	
600458	时代新材	-3.42	9.89	-0.35	9.89	9.90	58310	53	          0.00	          0.88	10.27	10.35	9.85	10.24	    46.80	58602360	  1.01	
002431	棕榈园林	-1.07	20.26	-0.22	20.25	20.26	35659	28	         -0.19	          1.35	20.45	20.66	20.09	20.48	    32.88	72691088	  0.67	
000012	南  玻Ａ	-1.84	7.99	-0.15	7.99	8.00	100276	61	         -0.62	          0.77	8.10	8.14	7.97	8.14	    19.81	80561336	  0.76	
002190	成飞集成	--  	0.00	--  	--  	--  	0	0	--  	          0.00	--  	--  	--  	15.15	   184.95	0	  0.00	
002238	天威视讯	-2.73	13.20	-0.37	13.19	13.20	18873	1	         -0.07	          0.59	13.57	13.57	13.09	13.57	    28.95	25074180	  1.58	
